1360240194
997054946
427638365
2002043607
1191610658
618131769
1813225981
418128077
1087823743
1424012001
783751397
380775858
515120157
1630309874
551114169
940252456
461097821
853818763
721735208
1334593539
604697947
800981535
783300734
736625921
1984123859
438635957
1401425950
1169134421
904027020
717028308
560778378
716989867
606529944
1952953810
456419584
889240196
416590428
1030388539
1842385478
930144967
858897616
851123015
1021849602
1143306824
425553055
519376441
772884754
2101954019
2056990375
714767013
885615903
556798574
471394365
970325361
819041763
920428145
1265180765
1127935352
1095269238
1866854012
1301315033
385557830
764402893
320572699
799827333
866843496
776157620
898391051
5054046591
802601684
1015135510
347764871
1441221524
1089316875
1566068501
833044158
773022230
1027028371
1026340666
271239211
835576086
698088374
662005064
973251676
870952771
502414335
5068649422
5143978565
963176692
1872387709
986052976
912511742
5045048684
310513868
751449612
1438334919
634876213
613871123
834024333
1462352166
793886094
722409896
666786731
1308171287
1771676927
659243341
1154457155
1415064663
1505334121
1522067498
1067827387
1765681558
792142014
923988350
846609901
1599055278
1622982954
5246641963
970162702
547290086
2028313467
5004503481
918449725
1090333854
1029417273
1542526215
1842420302
970100550
339317579
416634825
367199449
719211549
768958857
883453536
790265580
834903881
1172631019
716574229
333014578
880675214
1011882841
459793916
965682204
752385722
1094112046
1109460978
593066107
934026424
1198692122
421206723
1083488821
1984886942
707104003
738353213
991798193
222464079
367445237
566056776
1881064902
984081516
1669593903
1156791394
1142099776
426595334
1115877213
752253666
666376180
1173217616
1864410004
916407322
776937081
2111675920
1807450981
726846569
506077792
572831870
685738446
1005213378
876845617
1198149096
1313808772
1052313491
496168747
805705617
833568927
393361308
429840514
1215253995
773717362
1849343766
438573118
1060294302
912756275
1882807903
734345809
1179899855
778930438
966705870
886716687
1887190752
1869103294
818434535
1191707926
1638060165
889248890
1771963845
265754175
1525189855
1273694938
1262066433
718792736
1368457969
1118325306
5151280320
268262545
1568547951
1352598394
1296663817
517146895
1207812741
806411837
1024526994
613597163
1217891474
1149989460
1090703613
5240980535
1725976489
1341764012
1051647034
1356510110
380139335
1244471679
872512504
365781955
1077869156
666902193
1347602150
1811069736
1414096350
1093323943
1099374893
540617192
1004994756
791330302
1039172306
1656374029
1858674906
1276014878
1605349911
5168347278
5194045810
1196309075
928071632
236682011
814036179
699271026
1180495683
1434642248
599773025
413963207
1963279516
1070911059
1111562848
959121329
1234653173
5252028834
354950054
1291478468
645238014
279666663
1038940091
5297094483
801303147
1825748474
5117292146
1296858848
970479510
843339075
1252230330
1269233513
452233734
1177935452
1407799156
5001037369
1032554382
1092860683
856840629
1449322952
1283293940
493890075
1311555638
762901150
387517966
364358974
1162182697
197686061
891069074
925066387
1394571671
930233127
957134489
731716469
829241239
1567721429
1196711857
651071600